1
3
5
5
6
6
7
8
10
10
10
11
11
12
13
13
14
15
18
19
21
23
25
26
26
28
28
29
32
33
34
34
35
36
36
37
37
38
38
40
41
41
42
42
42
43
44
47
48
49
49
49
49
51
52
53
53
55
56
57
58
59
59
59
61
61
64
67
68
68
71
71
71
73
74
74
74
75
76
77
79
80
81
82
82
82
83
83
83
84
85
87
88
90
92
92
92
93
93
95
95
96
96
96
97
99
99
101
101
103
103
106
106
107
108
110
110
110
110
110
111
111
112
113
115
117
118
119
119
120
122
122
123
123
124
125
125
127
131
133
136
136
137
137
137
137
140
140
140
141
141
141
141
145
146
146
146
148
149
149
150
151
152
154
154
155
156
157
158
158
160
160
160
162
162
162
165
165
166
168
168
170
170
171
173
175
176
177
177
179
180
182
184
187
187
188
190
190
191
193
193
194
195
195
196
198
198
199
201
201
202
203
209
209
212
213
213
215
215
216
217
217
218
218
219
219
220
220
222
222
223
226
226
227
228
231
232
233
234
236
236
238
239
240
240
240
242
242
244
244
245
247
247
249
249
251
251
252
252
253
253
254
256
257
257
258
260
260
264
264
264
264
267
270
270
273
277
279
279
282
282
282
283
284
284
284
284
284
284
285
285
285
286
287
288
289
289
291
293
293
293
296
297
301
301
303
303
306
306
307
308
309
309
309
310
310
312
313
314
315
316
317
318
318
319
319
320
320
322
323
323
326
329
330
331
332
333
335
335
335
336
336
336
338
338
340
340
341
341
342
343
343
345
345
346
346
347
347
347
348
349
349
350
352
353
355
356
357
360
361
363
363
364
365
365
365
365
367
367
368
369
370
371
371
372
372
372
372
372
372
373
374
374
374
376
377
378
378
378
379
381
383
383
384
385
386
389
389
390
391
394
394
395
395
397
397
397
400
401
403
405
405
406
407
408
411
412
412
412
413
413
415
417
418
419
419
422
422
425
427
429
431
431
431
431
432
432
434
434
435
436
438
438
441
442
442
442
443
444
445
449
449
450
450
453
454
455
455
458
459
460
461
461
462
462
463
464
465
466
466
467
469
470
471
472
472
474
474
474
474
475
478
478
479
479
479
481
482
487
489
490
490
492
493
494
495
497
498
499
499
500
504
504
504
505
505
506
506
512
512
513
514
517
521
522
522
522
523
523
523
524
524
525
527
528
529
532
532
532
533
534
534
535
535
535
536
536
538
538
540
541
541
542
543
544
545
546
547
547
548
550
551
551
552
553
553
554
555
557
557
558
559
560
560
562
563
566
567
569
570
570
572
572
574
575
575
576
579
579
580
581
582
585
585
586
586
587
593
595
598
598
598
600
600
601
601
602
606
606
608
609
609
610
611
611
614
614
614
615
615
615
619
622
622
624
624
625
626
627
630
631
632
632
633
634
634
636
637
638
639
641
641
641
642
642
643
644
644
646
649
650
651
652
654
657
658
661
661
661
662
663
663
665
666
666
667
667
669
670
672
673
673
674
674
674
675
676
681
682
684
685
687
688
689
690
691
691
693
693
694
695
695
695
697
698
699
701
701
701
702
703
704
705
706
707
708
709
710
711
711
712
713
714
715
716
717
718
719
719
719
719
720
720
722
723
724
727
727
727
728
729
729
730
731
731
731
733
734
735
736
736
736
737
737
738
738
739
739
740
740
741
741
741
745
746
746
747
748
750
752
753
754
754
756
756
757
757
759
759
760
764
765
768
768
769
772
773
773
773
773
775
776
780
780
782
783
786
789
790
790
791
791
793
793
794
795
795
796
797
798
799
799
800
800
800
800
801
804
804
804
806
809
811
811
812
813
814
816
818
818
818
819
820
821
821
822
823
825
826
827
828
830
832
832
833
833
834
835
836
838
841
841
844
845
846
846
847
847
847
848
848
850
850
850
852
852
853
853
853
855
855
856
856
856
858
859
860
861
861
862
864
865
866
867
871
871
871
871
871
873
874
876
876
877
878
878
880
880
882
882
887
889
889
890
892
893
893
894
896
897
899
903
903
904
904
905
907
907
907
908
909
910
910
910
911
912
914
915
915
915
916
916
918
919
919
922
924
924
925
925
927
929
929
930
932
934
938
942
943
943
944
947
947
948
949
949
952
954
956
958
958
960
961
961
961
962
963
964
966
967
967
968
969
972
972
973
974
974
975
976
976
977
978
979
979
981
982
983
983
984
986
987
989
989
989
991
991
991
992
993
994
994
995
997
997
998
999
999
999
1000
