497
431
312
219
422
84
338
701
342
804
203
59
233
644
51
195
848
177
504
83
95
813
26
112
729
575
14
384
21
454
505
309
947
285
991
929
336
548
251
587
989
978
943
406
356
244
10
756
216
57
152
37
570
59
706
856
524
288
667
470
478
332
717
240
793
711
279
973
264
641
284
479
83
201
666
847
551
961
215
841
5
68
28
517
890
974
187
369
930
6
912
283
217
179
780
535
916
665
170
419
615
182
341
96
903
267
798
986
992
674
911
371
932
523
360
348
489
124
479
371
42
365
871
284
110
301
585
780
499
747
322
586
160
417
892
866
67
927
74
710
10
880
534
593
389
397
408
999
908
529
585
449
436
557
222
630
122
74
610
754
838
598
38
413
372
615
264
773
719
449
162
319
56
553
619
285
137
260
425
708
799
995
823
40
821
137
242
74
972
527
905
759
695
731
291
122
833
55
149
818
190
661
431
855
812
378
438
685
495
745
800
644
674
284
472
652
958
10
559
81
6
952
71
465
11
672
663
707
754
709
252
117
303
323
907
308
141
434
5
983
961
131
223
506
910
637
611
783
165
634
791
560
137
494
61
736
340
739
752
419
391
993
460
35
361
68
372
736
13
458
853
303
450
254
846
614
964
729
474
575
49
287
699
947
253
467
490
740
790
976
231
218
33
47
550
533
601
705
166
372
894
96
852
461
347
202
350
282
896
546
606
800
856
878
657
820
403
841
595
622
466
401
538
335
673
407
215
904
307
93
691
258
487
602
893
910
345
624
551
245
270
352
176
12
18
773
876
75
999
318
119
871
600
929
196
676
773
757
504
397
625
915
638
741
107
73
363
818
523
42
146
903
693
101
547
666
572
759
141
482
541
563
809
160
547
915
730
240
226
925
395
434
99
464
297
481
490
293
615
878
904
848
71
727
523
137
684
949
466
103
560
355
162
378
170
606
782
799
558
367
806
373
741
383
641
532
714
579
982
301
442
719
626
795
716
11
642
228
681
874
776
601
910
506
227
415
125
146
282
110
209
256
825
28
29
909
310
194
193
462
140
582
151
907
238
432
844
555
198
289
140
956
924
850
919
500
994
1000
82
972
718
317
141
125
201
845
535
329
260
554
632
318
567
220
323
804
222
36
856
82
113
907
95
948
924
76
193
649
157
412
190
252
25
581
711
168
994
383
987
13
650
444
118
880
43
864
249
586
326
991
284
154
819
695
984
461
184
882
528
689
514
543
532
977
343
34
790
431
427
36
675
320
349
693
627
110
740
846
658
313
213
296
136
330
998
979
289
386
309
395
336
865
320
177
111
479
345
79
23
219
997
976
195
826
524
570
77
26
974
989
853
967
997
916
82
833
673
521
836
534
381
19
669
522
253
53
877
773
746
90
236
376
257
795
639
715
429
919
642
188
87
349
83
310
239
942
504
850
631
49
52
343
173
198
670
969
768
331
646
532
120
158
687
703
719
53
232
536
44
220
133
96
975
598
728
187
542
264
731
737
374
442
474
991
609
800
471
899
797
835
338
918
346
688
374
541
38
882
598
106
493
853
960
512
110
1
954
512
893
378
397
475
64
634
643
663
247
855
168
244
915
746
661
553
949
315
141
979
704
661
701
498
249
861
405
632
41
832
316
71
867
505
522
765
363
99
162
576
155
341
49
306
156
832
119
41
293
127
962
455
753
741
983
217
989
698
438
739
110
713
93
336
377
724
818
160
611
772
469
379
871
286
793
722
400
394
97
662
801
769
218
209
641
811
453
145
720
731
562
667
180
862
569
340
540
834
871
525
922
889
365
88
123
270
370
735
963
720
347
257
284
858
273
418
522
309
319
7
860
697
694
796
32
3
347
226
264
636
108
61
474
293
654
422
791
234
544
148
191
712
536
737
103
760
111
538
887
847
335
545
811
472
633
738
736
861
247
445
37
478
757
443
346
405
827
58
367
889
368
925
574
871
412
413
335
600
372
357
876
609
150
92
314
800
701
719
389
897
390
136
154
702
242
828
48
695
552
750
794
394
513
682
158
961
333
462
814
614
738
106
535
279
966
968
59
213
42
463
353
282
115
775
622
690
175
723
756
859
306
999
850
92
566
764
492
101
967
442
727
455
580
789
212
277
499
171
816
873
285
786
251
459
944
474
240
822
236
123
572
938
149
748
830
733
557
804
15
727
608
49
914
441
821
614
140
674
8
374
624
431
34
365
943
412
435
847
372
85
958
450
432
80
411
365
364
579
146
385
981
852
734
165
691
372
199
284
651
92
934
768
